%YAML:1.0
---
K: !!opencv-matrix
   rows: 3
   cols: 3
   dt: d
   data: [ 1329.3437278412009, 0., 950.37323319646202, 0.,
       1325.4263174514301, 564.52462937101484, 0., 0., 1. ]
D: !!opencv-matrix
   rows: 1
   cols: 5
   dt: d
   data: [ -0.044139618292514816, 0.084297237175685047,
       0.0084168032161893672, 0.0016128952557285024,
       -0.45512736914075241 ]
